1
100000000
1000
12
200010
We
1001
11
200020
Met
1002
10
200030
On
1003
9
200110
The
1004
8
200120
Bus
0
1
100000001
1005
7
200130
It
1006
6
200210
Was
1007
5
200220
Canada
1008
4
200230
Day
1009
3
200310
We
0
1
100000002
1010
2
200320
Crossed
1011
1
200330
Into
1012
12
200410
Detroit
1013
11
200420
And
1014
10
200430
The
0
1
100000003
1015
9
200510
Heat
1016
8
200520
Was
1017
7
200530
Insane
1018
6
200610
But
1019
5
200620
The
0
1
100000004
1024
4
200630
Station
1023
3
200710
Was
1022
2
200720
Calm
1021
1
200730
And
1020
12
200810
She
0
1
100000005
2000
11
200820
Walked
2004
10
200830
Out
2002
9
200910
Of
2001
8
200920
View
2003
7
200930
Threw
0
1
100000006
1100
6
201010
A
2008
5
201020
Brick
4001
4
201030
With
4002
2
201110
A
3310
3
201120
Note
0
1
100000007
4005
1
201130
Through
2301
12
201210
The
1045
11
201220
Ticket
2004
10
201230
Counter
3001
9
201310
Window
0
1
100000008
1005
8
201320
It
2013
7
201330
Said
2402
6
201410
I'd
3001
5
201420
Rather
4501
4
201430
Live
0
1
100000009
1106
3
201620
In
4001
2
201510
My
1106
1
201520
Basement
2016
12
201530
I'd
1106
11
201610
Rather
0
1
100000010
3001
10
201630
Cultivate
4305
9
201710
Palm
5001
8
201720
Trees
1005
7
201730
I'd
1006
6
201810
Rather
0
1
100000011
2402
5
201820
Move
2402
4
201830
To
1001
3
201910
New
2000
2
201920
England
4305
1
201930
I'd
0
1
100000012
4001
12
202010
Rather
1105
11
202020
Shatter
3001
10
202030
And
2131
9
202110
Freeze
1405
8
202120
Then
0
1
100000013
2015
7
202130
I
2045
6
202210
Ran
3045
5
202220
Out
1105
4
202230
The
4002
3
202310
Door
0
1
100000014
1101
2
202320
She
2016
1
202330
Ran
4055
12
202410
Out
5001
11
202420
Of
4001
10
202430
It
2310
12
202510
Too
0
1
100000015
3121
1
202520
The
1342
0
202530
Cops
3231
0
202610
Gave
1012
1
202620
Chase
4012
0
202620
But
3120
0
202630
They
1231
0
202710
Got
3102
0
202720
Confused
0
0