1
100000001
2402
12
201910
Morin
2404
4
201910
Laurendeau
2406
9
201910
Nel
2401
8
201830
Nussbaum
1406
11
201810
Lanthier
0
1
100000002
2402
2
201830
Hinek
2401
12
201830
Nussbaum
1406
11
201820
Lanthier
1405
10
201730
Collier
2404
5
201930
Laurendeau
0
1
100000003
2402
12
201910
Morin
2404
4
201910
Laurendeau
2406
9
201910
Nel
2401
8
201830
Nussbaum
1406
11
201810
Lanthier
0
1
100000004
2402
2
201830
Hinek
2401
12
201830
Nussbaum
1406
11
201820
Lanthier
1405
10
201730
Collier
2404
5
201930
Laurendeau
0
1
100000005
2402
12
201910
Morin
2404
4
201910
Laurendeau
2406
9
201910
Nel
2401
8
201830
Nussbaum
1406
11
201810
Lanthier
0
1
100000006
2402
12
201910
Morin
2404
4
201910
Laurendeau
2406
9
201910
Nel
2401
8
201830
Nussbaum
1406
11
201810
Lanthier
0
1
100000007
2402
2
201830
Hinek
2401
12
201830
Nussbaum
1406
11
201820
Lanthier
1405
10
201730
Collier
2404
5
201930
Laurendeau
0
1
100000008
2555
11
299910
Tired
3999
5
132520
Seriously
1775
12
178330
Tired
1789
3
179930
Vive
1917
8
191710
La
0
1
100000009
2402
12
201910
Revolution
2404
4
201910
Laurendeau
2406
9
201910
Nel
2401
8
201830
Nussbaum
1406
11
201810
Lanthier
0
1
100000010
2402
2
201830
Hinek
2401
12
201830
Nussbaum
1406
11
201820
Lanthier
1405
10
201730
Collier
2404
5
201930
Laurendeau
0
1
100000011
2402
12
201910
Morin
2404
4
201910
Laurendeau
2406
9
201910
Nel
2401
8
201830
Nussbaum
1406
11
201810
Lanthier
0
1
100000012
2555
11
299910
Tired
3999
5
132520
Seriously
1775
12
178330
Yee
1789
3
179930
Revolution
1917
8
191710
Comrade
0
1
100000013
2402
2
201830
Hinek
2401
12
201830
Nussbaum
1406
11
201820
Lanthier
1405
10
201730
Collier
2404
5
201930
Laurendeau
0
1
100000014
2555
11
299910
Tired
3999
5
132520
Someone
1775
12
178330
Me
1789
3
179930
Help
1917
8
191710
Comrade
0
1
100000015
2402
2
201830
Hinek
2401
12
201830
Nussbaum
1406
11
201820
Lanthier
1405
10
201730
Collier
2404
5
201930
Laurendeau
0
0
